2 0.148539 0.833117 0.035714 0.081818
2 0.870942 0.836039 0.042208 0.084740
2 0.788961 0.486120 0.017857 0.670617
2 0.925325 0.649756 0.019481 0.463149
2 0.953328 0.746185 0.038149 0.124188
2 0.932630 0.688474 0.030844 0.230844
2 0.017857 0.632224 0.014610 0.451461
2 0.112825 0.637338 0.014610 0.485065
2 0.160308 0.750568 0.017045 0.068669
0 0.637175 0.670211 0.014610 0.074513
0 0.650568 0.670211 0.012175 0.054058
0 0.288555 0.687013 0.036526 0.061364
2 0.618912 0.598620 0.008929 0.229383
2 0.613636 0.658523 0.008117 0.094968
2 0.600244 0.656331 0.012175 0.075974
2 0.579545 0.660714 0.006494 0.043831
2 0.568994 0.662906 0.006494 0.033604
2 0.545049 0.657062 0.004058 0.036526
0 0.491280 0.654741 0.006036 0.038586
0 0.429570 0.654366 0.007493 0.052073
1 0.514798 0.649309 0.020604 0.017982
1 0.443099 0.646687 0.075341 0.062188
2 0.436439 0.685460 0.009158 0.049825
2 0.446741 0.677781 0.006452 0.044206
2 0.344031 0.659237 0.004579 0.105270
0 0.320305 0.681901 0.014985 0.062937
0 0.332688 0.683025 0.012279 0.054695
2 0.402306 0.632264 0.005828 0.102273
2 0.538316 0.654928 0.002706 0.026224
2 0.562771 0.665043 0.004995 0.029221
2 0.548618 0.657176 0.003330 0.034466
2 0.412679 0.643904 0.004699 0.068823
2 0.423573 0.646595 0.005126 0.048060