2 0.230138 0.529666 0.031513 0.303030
2 0.289820 0.541126 0.003820 0.100161
2 0.346639 0.533486 0.003820 0.074697
2 0.413722 0.484254 0.028170 0.130719
2 0.437577 0.456243 0.005215 0.178253
2 0.570330 0.468551 0.004297 0.199474
1 0.031035 0.537730 0.062070 0.059418
1 0.304144 0.512266 0.021963 0.033953
1 0.256159 0.514812 0.019576 0.027162
1 0.170216 0.519905 0.025306 0.033953
1 0.202206 0.522027 0.019576 0.043290
1 0.336851 0.509719 0.017666 0.023767
1 0.325630 0.507597 0.021008 0.026314
1 0.358337 0.505051 0.015756 0.016128
1 0.373377 0.506324 0.012414 0.016976
0 0.600649 0.570410 0.025783 0.153637
0 0.499666 0.514812 0.009072 0.037348
0 0.628226 0.577941 0.021021 0.140970
0 0.651432 0.574426 0.018315 0.146520
0 0.673493 0.564251 0.021645 0.163910
2 0.709291 0.588856 0.023310 0.086580
2 0.542999 0.518001 0.004163 0.084730
2 0.166546 0.451606 0.006013 0.198279
2 0.189845 0.449735 0.005111 0.198814
2 0.100259 0.540057 0.004509 0.036342
2 0.264851 0.492491 0.003006 0.029929
0 0.485764 0.516151 0.007076 0.039590
0 0.474213 0.515411 0.007284 0.041070
0 0.508970 0.515596 0.006868 0.035520
0 0.527597 0.527991 0.006244 0.040330
0 0.577964 0.527621 0.008325 0.045510
2 0.549242 0.535206 0.002498 0.049580
2 0.459332 0.508936 0.002498 0.037740
2 0.464431 0.514486 0.003122 0.027380
2 0.447157 0.514856 0.002706 0.048100
2 0.444243 0.516151 0.002706 0.048470
2 0.452880 0.521331 0.002498 0.038110
2 0.467657 0.506346 0.002081 0.024420
2 0.836546 0.622294 0.010146 0.089286
2 0.885501 0.635372 0.012683 0.111833
2 0.951451 0.670996 0.012683 0.103716
2 0.798245 0.613276 0.009639 0.087482
2 0.766792 0.606962 0.006595 0.065837
2 0.741934 0.596591 0.007610 0.055916
2 0.816000 0.625000 0.009639 0.056818
2 0.951451 0.507756 0.006595 0.110931
2 0.324675 0.463072 0.002952 0.054441
2 0.058036 0.415584 0.007305 0.145743