2 0.117695 0.544012 0.014610 0.310245
2 0.152597 0.612554 0.016234 0.204906
2 0.070211 0.619769 0.017045 0.190476
2 0.684253 0.554113 0.021104 0.344877
2 0.633523 0.605339 0.015422 0.230880
2 0.730114 0.626263 0.008929 0.223665
2 0.706981 0.611111 0.008117 0.230880
2 0.591721 0.330447 0.012987 0.598846
2 0.391234 0.457431 0.006494 0.226551
2 0.358360 0.531025 0.005682 0.111111
2 0.346216 0.549451 0.003122 0.073815
2 0.351367 0.552503 0.002810 0.066600
2 0.377279 0.547231 0.002810 0.070485
2 0.413393 0.539738 0.005506 0.042180
2 0.425668 0.535021 0.002810 0.039405
2 0.434253 0.533633 0.003746 0.027750
2 0.439092 0.535298 0.003434 0.023310
2 0.542895 0.556666 0.004995 0.062715
2 0.560221 0.555001 0.004683 0.071595
2 0.571616 0.553336 0.004371 0.060495
2 0.525724 0.543068 0.003122 0.034410
2 0.535714 0.543346 0.001873 0.037185
2 0.530251 0.516428 0.002810 0.069930
0 0.492945 0.526141 0.008741 0.034965
0 0.502154 0.525586 0.005932 0.037185
2 0.179383 0.472583 0.009740 0.138528
1 0.351609 0.536534 0.027302 0.040010
1 0.402155 0.530303 0.014758 0.024925
2 0.517636 0.521448 0.003689 0.049193