2 0.054383 0.333333 0.022727 0.492063
2 0.059659 0.677489 0.070617 0.193362
2 0.138799 0.681818 0.074675 0.199134
2 0.150568 0.360750 0.012175 0.434343
2 0.258929 0.569986 0.016234 0.209235
2 0.376218 0.547619 0.030032 0.098124
2 0.593344 0.544733 0.016234 0.262626
2 0.375000 0.337662 0.011364 0.307359
2 0.212662 0.536797 0.014610 0.041847
2 0.213474 0.385281 0.009740 0.249639
2 0.590503 0.444444 0.013799 0.301587
2 0.476867 0.462482 0.008929 0.187590
2 0.934659 0.303752 0.020292 0.398268
0 0.520292 0.537518 0.019481 0.072150
0 0.640422 0.551227 0.024351 0.131313
0 0.667208 0.567821 0.016234 0.109668
0 0.685877 0.547619 0.021104 0.132756
0 0.542614 0.530303 0.017045 0.077922
1 0.321834 0.536075 0.031656 0.034632
1 0.413149 0.528860 0.016234 0.020202
1 0.454951 0.538961 0.026786 0.028860
1 0.432630 0.524531 0.021104 0.028860
1 0.494318 0.531746 0.014610 0.031746