2 0.373377 0.386724 0.012987 0.454545
2 0.406271 0.519101 0.006835 0.139743
2 0.583348 0.522518 0.006408 0.117719
2 0.442584 0.517962 0.005126 0.094934
2 0.556220 0.529354 0.005126 0.061517
2 0.491926 0.521759 0.003845 0.050885
2 0.567541 0.515683 0.003845 0.046328
1 0.339414 0.564669 0.055964 0.072910
1 0.248633 0.553277 0.037594 0.037974
1 0.382562 0.515303 0.070489 0.106326
1 0.434253 0.547581 0.023496 0.034176
1 0.479323 0.539227 0.021360 0.025063
0 0.512004 0.537328 0.014952 0.083542
0 0.540200 0.536569 0.015807 0.086580
0 0.457963 0.535050 0.015379 0.080504
0 0.641447 0.531252 0.016661 0.078985
0 0.669429 0.535429 0.016234 0.067593
1 0.168019 0.561328 0.058442 0.056277