1 0.246347 0.642136 0.104708 0.093795
1 0.371347 0.614719 0.086851 0.067821
1 0.462662 0.591631 0.050325 0.053391
1 0.510958 0.584416 0.034903 0.038961
1 0.548295 0.571429 0.023539 0.024531
1 0.067370 0.639250 0.058442 0.050505
1 0.007305 0.621934 0.014610 0.096681
2 0.665990 0.660895 0.018669 0.050505
2 0.760552 0.632756 0.019481 0.051948
2 0.832386 0.601732 0.013799 0.056277
2 0.887581 0.588023 0.018669 0.040404
2 0.782873 0.575036 0.012175 0.034632
2 0.726055 0.582251 0.008929 0.031746
2 0.956169 0.485570 0.009740 0.190476
2 0.871347 0.501443 0.010552 0.124098
2 0.559839 0.598445 0.006764 0.032067
2 0.636273 0.544332 0.005411 0.117845
2 0.630637 0.597242 0.007666 0.023248
0 0.670996 0.553952 0.017136 0.077762
0 0.657693 0.565576 0.006764 0.056117
0 0.645969 0.560366 0.011273 0.076158
0 0.608766 0.562771 0.016234 0.079365
0 0.898539 0.505772 0.029221 0.144300
1 0.573864 0.567100 0.009740 0.018759
2 0.155438 0.645022 0.010552 0.030303