0 0.571834 0.613997 0.051136 0.271284
0 0.624188 0.634921 0.040584 0.226551
0 0.494318 0.618326 0.035714 0.204906
0 0.432224 0.619769 0.028409 0.187590
0 0.455357 0.590188 0.017857 0.142857
1 0.745130 0.709235 0.100649 0.222222
1 0.176948 0.588023 0.053571 0.057720
1 0.227679 0.589466 0.041396 0.049062
1 0.260958 0.583694 0.031656 0.040404
1 0.323864 0.586580 0.022727 0.037518
1 0.362013 0.583694 0.016234 0.028860
1 0.376218 0.580808 0.012175 0.028860
1 0.009740 0.596681 0.019480 0.080808
2 0.304789 0.471861 0.012175 0.460317
2 0.080357 0.427128 0.016234 0.310245
2 0.469156 0.491342 0.006494 0.173160
2 0.376420 0.543831 0.004735 0.078163
2 0.397389 0.547439 0.003382 0.055315