2 0.625406 0.651515 0.085227 0.398268
2 0.883523 0.619048 0.041396 0.318903
2 0.832386 0.619769 0.054383 0.291486
2 0.342938 0.588023 0.008929 0.141414
2 0.013799 0.559163 0.004870 0.124098
0 0.005682 0.562771 0.011364 0.090909
0 0.456575 0.662338 0.068994 0.564214
0 0.383929 0.595238 0.027597 0.158730
0 0.567776 0.588023 0.021916 0.155844
0 0.679383 0.646465 0.024351 0.318903
0 0.748377 0.610390 0.032468 0.102453
0 0.717938 0.596681 0.028409 0.095238
2 0.315882 0.509861 0.006764 0.113035
1 0.294237 0.602854 0.085227 0.085778