2 0.690341 0.639250 0.096591 0.489177
2 0.611201 0.561328 0.025974 0.203463
1 0.264610 0.650072 0.178571 0.196248
1 0.454951 0.585137 0.017045 0.031746
1 0.478896 0.578644 0.025974 0.030303
0 0.377841 0.681097 0.065747 0.497835
0 0.562094 0.681818 0.078734 0.510823
0 0.946834 0.678211 0.047890 0.220779
0 0.899756 0.663059 0.039773 0.196248
0 0.799919 0.582251 0.020292 0.095238
0 0.047484 0.557720 0.015422 0.080808
0 0.073052 0.567821 0.009740 0.077922
0 0.083604 0.566378 0.011364 0.051948
0 0.030844 0.549784 0.009740 0.070707
2 0.422078 0.549784 0.009740 0.119769