0 0.056412 0.582973 0.036526 0.160173
0 0.026380 0.547619 0.018669 0.106782
0 0.381899 0.647186 0.072240 0.389610
0 0.452110 0.615440 0.037338 0.216450
0 0.503653 0.668110 0.052760 0.373737
2 0.776786 0.299423 0.050325 0.585859
2 0.809659 0.370851 0.025162 0.454545
2 0.816964 0.803030 0.198864 0.380952
2 0.594968 0.505051 0.014610 0.428571
2 0.237419 0.555916 0.008117 0.122655
2 0.271713 0.512266 0.006088 0.176768
0 0.299026 0.579221 0.007143 0.038095
0 0.335390 0.589033 0.003247 0.019625
0 0.325487 0.589033 0.002922 0.018470
0 0.315747 0.589033 0.002273 0.016162
0 0.306818 0.587590 0.002597 0.015584
0 0.288474 0.588167 0.003571 0.016739
2 0.549919 0.558442 0.010552 0.148629