0 0.698458 0.720058 0.096591 0.555556
0 0.618506 0.606782 0.043831 0.233766
0 0.540179 0.588745 0.031656 0.197691
0 0.502029 0.596681 0.023539 0.178932
0 0.463880 0.580808 0.030032 0.158730
0 0.160405 0.564145 0.020872 0.092764
0 0.200796 0.556586 0.011982 0.070776
0 0.242733 0.539751 0.007730 0.059094
0 0.183016 0.549715 0.009663 0.069401
0 0.093731 0.552807 0.015074 0.068714
0 0.125618 0.567581 0.017007 0.081770
0 0.109578 0.565176 0.016620 0.061843
1 0.296073 0.550058 0.088126 0.071463
1 0.365840 0.542156 0.038265 0.041916
1 0.392123 0.536659 0.017393 0.029547
1 0.404105 0.533567 0.011209 0.026111
1 0.414734 0.530475 0.010049 0.018553
1 0.018939 0.668934 0.037878 0.112692
2 0.104167 0.505394 0.005798 0.098949
2 0.460198 0.414863 0.003769 0.223150
2 0.455270 0.500670 0.003769 0.069058
2 0.450052 0.505308 0.003189 0.082457