0 0.697240 0.701299 0.092532 0.399711
0 0.603896 0.742063 0.081169 0.515873
0 0.492289 0.593074 0.031656 0.177489
0 0.525568 0.590188 0.028409 0.168831
0 0.468344 0.559163 0.016234 0.098124
0 0.113231 0.552670 0.018669 0.096681
0 0.047155 0.558304 0.018553 0.108569
0 0.084261 0.553151 0.017007 0.085893
0 0.141659 0.551776 0.014301 0.080396
0 0.166589 0.545248 0.014688 0.064591
0 0.346127 0.526008 0.007344 0.028860
0 0.335691 0.532880 0.008117 0.045351
0 0.550387 0.532246 0.009366 0.051060
2 0.072300 0.511998 0.005111 0.276308
2 0.059824 0.609534 0.092593 0.092993
2 0.418019 0.722944 0.081169 0.529582
2 0.323052 0.583694 0.016234 0.819625
1 0.234578 0.593795 0.155844 0.135642
1 0.358766 0.546898 0.038961 0.067821