2 0.435471 0.438672 0.026786 0.826840
1 0.179383 0.786797 0.358766 0.426406
1 0.356737 0.590909 0.132305 0.176046
1 0.398539 0.786436 0.000000 0.001443
0 0.656250 0.663059 0.065747 0.392496
0 0.537338 0.584416 0.024351 0.177489
0 0.592127 0.569264 0.021916 0.112554
0 0.110390 0.546898 0.017857 0.073593
0 0.140828 0.544733 0.021916 0.063492
0 0.197240 0.541847 0.012987 0.057720
0 0.216721 0.541126 0.009740 0.047619
0 0.518856 0.547786 0.007076 0.062160
0 0.459645 0.546676 0.008533 0.062160
0 0.469530 0.552781 0.007493 0.057350
0 0.482434 0.555371 0.009990 0.061050
0 0.502935 0.555741 0.007701 0.072890
0 0.508658 0.545196 0.006244 0.067340
2 0.044882 0.435447 0.007639 0.301333
2 0.068755 0.478313 0.006684 0.241066
2 0.811282 0.632035 0.056006 0.281385