2 0.324675 0.727273 0.120130 0.255411
2 0.620536 0.593795 0.038149 0.106782
2 0.661932 0.603175 0.038149 0.116883
2 0.420049 0.627706 0.015422 0.070707
2 0.450081 0.574315 0.021916 0.125541
2 0.478896 0.625541 0.024351 0.043290
0 0.543019 0.567821 0.029221 0.147186
0 0.497971 0.551948 0.013799 0.066378
0 0.595779 0.313853 0.011364 0.051948
0 0.607143 0.317460 0.012987 0.044733
2 0.551542 0.369408 0.005682 0.350649
1 0.062500 0.552670 0.123377 0.875902
2 0.677354 0.275613 0.056006 0.206349
2 0.900162 0.143579 0.147727 0.279942
2 0.372159 0.560606 0.041396 0.037518
1 0.396104 0.522367 0.025974 0.041847
0 0.467865 0.537241 0.007076 0.048470
2 0.464640 0.515596 0.002289 0.065860