1 0.292614 0.620491 0.168019 0.168831
0 0.979302 0.663781 0.041396 0.474747
0 0.524756 0.551948 0.015422 0.072150
0 0.502029 0.556277 0.012175 0.086580
2 0.079140 0.676046 0.023539 0.092352
2 0.157062 0.655123 0.026786 0.088023
2 0.136364 0.644300 0.113636 0.080808
0 0.402663 0.530011 0.006801 0.028470
0 0.408038 0.529621 0.004388 0.026910
0 0.423065 0.528451 0.006362 0.030030
0 0.452242 0.527866 0.005046 0.023400
0 0.433376 0.529231 0.004607 0.023790
0 0.492717 0.549121 0.004826 0.060450
2 0.700893 0.277056 0.088474 0.209235
2 0.474077 0.385101 0.008624 0.372475