0 0.765828 0.609668 0.051136 0.225108
0 0.609172 0.560606 0.018669 0.132756
2 0.065341 0.737374 0.130682 0.142857
2 0.190341 0.678932 0.083604 0.109668
2 0.265422 0.651515 0.060065 0.089466
2 0.313312 0.626984 0.042208 0.072150
2 0.349432 0.616162 0.030032 0.067821
2 0.377029 0.601732 0.025162 0.059163
2 0.403003 0.592352 0.021916 0.043290
2 0.584416 0.569986 0.012987 0.102453
2 0.568588 0.414863 0.007305 0.432900
2 0.438832 0.520961 0.002289 0.064750
2 0.548618 0.520961 0.001665 0.047730
0 0.472756 0.531506 0.007701 0.037000
0 0.479833 0.532431 0.004787 0.034410
0 0.508554 0.528731 0.004787 0.027010
0 0.514486 0.532801 0.005411 0.033670
0 0.523539 0.526881 0.009782 0.034410
0 0.537171 0.530026 0.006660 0.035520
0 0.642213 0.540379 0.007557 0.046276
0 0.635776 0.538638 0.006997 0.046773
0 0.626399 0.528686 0.007837 0.032841
2 0.455245 0.533164 0.008677 0.027865
2 0.506326 0.541126 0.007277 0.017913
2 0.491351 0.541374 0.004198 0.018411
2 0.557546 0.607802 0.005038 0.094541
2 0.405704 0.513012 0.004198 0.091058
2 0.422498 0.533413 0.001959 0.070160
2 0.416200 0.532667 0.001679 0.067672
2 0.419279 0.555307 0.001120 0.036324
2 0.427256 0.550580 0.006438 0.029855
1 0.393249 0.534159 0.040305 0.031846
2 0.902192 0.721501 0.047890 0.079365