0 0.218520 0.574324 0.045147 0.178133
0 0.382064 0.635135 0.071867 0.275184
0 0.337377 0.594595 0.039619 0.228501
0 0.509214 0.549754 0.044226 0.104423
0 0.614251 0.542383 0.022113 0.111794
0 0.722512 0.590909 0.056204 0.213759
0 0.804515 0.597052 0.056204 0.216216
0 0.893428 0.542998 0.038698 0.122850
0 0.935350 0.557125 0.028563 0.124079
0 0.950092 0.531327 0.021192 0.124079
0 0.258139 0.581081 0.037776 0.171990
0 0.660243 0.529791 0.017045 0.066953
0 0.680052 0.523034 0.017045 0.073096
0 0.595055 0.514742 0.010135 0.057740
0 0.571791 0.504607 0.007832 0.031327
0 0.540003 0.505528 0.009674 0.034398
0 0.548756 0.504914 0.007832 0.028256
0 0.447174 0.516585 0.014742 0.056511
0 0.467214 0.519042 0.014281 0.050369
0 0.300983 0.509505 0.009699 0.045261
0 0.308984 0.509181 0.008244 0.047200
0 0.364509 0.507888 0.007759 0.038148
0 0.383427 0.501574 0.004607 0.024186
0 0.388897 0.500230 0.004607 0.022267
0 0.416837 0.503174 0.006654 0.026276
0 0.489012 0.498225 0.006143 0.020475
2 0.237158 0.458576 0.004607 0.118627
2 0.345370 0.451913 0.006581 0.049725
2 0.733710 0.480651 0.004991 0.054259
2 0.203726 0.485258 0.005375 0.074734