0 0.215097 0.732684 0.209416 0.534632
0 0.331169 0.730159 0.120130 0.529582
0 0.452922 0.515873 0.048701 0.239538
0 0.425325 0.476190 0.019481 0.145743
0 0.512987 0.522367 0.043831 0.240981
0 0.582792 0.493506 0.034091 0.180375
0 0.635958 0.497114 0.039773 0.193362
0 0.804383 0.515873 0.037338 0.210678
0 0.754464 0.513709 0.033279 0.183261
0 0.709416 0.500722 0.017857 0.148629
0 0.725649 0.500722 0.017857 0.154401
2 0.925325 0.382756 0.027597 0.765512
2 0.905438 0.650072 0.189123 0.248196
2 0.668831 0.508658 0.006494 0.060606
2 0.646704 0.383650 0.003882 0.095364
2 0.539702 0.290216 0.004729 0.420258
2 0.774756 0.265512 0.007305 0.304473
1 0.555862 0.451969 0.027539 0.038652