2 0.590503 0.475469 0.051136 0.178932
2 0.680195 0.547619 0.092532 0.124098
2 0.804383 0.590909 0.094156 0.158730
2 0.927760 0.645743 0.136364 0.199134
2 0.739448 0.306277 0.017857 0.612554
2 0.517763 0.490065 0.016546 0.081585
1 0.539617 0.503108 0.023414 0.064380
0 0.374625 0.501166 0.022478 0.124875
0 0.401786 0.497558 0.013736 0.106560
0 0.430975 0.495615 0.020292 0.111555
0 0.453765 0.491175 0.012175 0.101565
0 0.469374 0.492285 0.014048 0.096015
0 0.494349 0.492563 0.020917 0.137640
0 0.413024 0.478410 0.008741 0.078255
0 0.440809 0.475358 0.008117 0.078810
2 0.466282 0.363285 0.003729 0.127920
2 0.484929 0.415740 0.005046 0.033930
2 0.472425 0.427050 0.006801 0.032370
0 0.958093 0.495430 0.018639 0.082839
0 0.933742 0.476992 0.017436 0.083373
0 0.888648 0.466303 0.014430 0.068409
0 0.777868 0.472717 0.011724 0.071616
2 0.816799 0.492491 0.004810 0.039549
2 0.850469 0.498103 0.005411 0.037946
2 0.891955 0.510662 0.004810 0.032067
2 0.943212 0.520549 0.003908 0.036877
2 0.832281 0.490620 0.014129 0.027257
1 0.737734 0.471915 0.070346 0.061461