1 0.883523 0.628427 0.232954 0.184704
1 0.570718 0.572090 0.021983 0.024050
0 0.427996 0.618086 0.035511 0.170154
0 0.507982 0.609969 0.014881 0.109428
0 0.523201 0.608766 0.014881 0.104618
0 0.455222 0.597342 0.010146 0.082973
0 0.477205 0.597643 0.012175 0.082371
0 0.021104 0.630592 0.032468 0.278499
2 0.969562 0.329726 0.020292 0.398268
2 0.738231 0.695527 0.047890 0.567100
2 0.802760 0.823954 0.017857 0.281385
2 0.637653 0.496987 0.010027 0.334437
2 0.660094 0.469400 0.005252 0.136661
2 0.569946 0.605433 0.033173 0.048309
2 0.601179 0.607315 0.026468 0.052074
2 0.625706 0.594140 0.022586 0.109794
2 0.677083 0.627305 0.006764 0.075357
2 0.711129 0.638528 0.006313 0.084977
2 0.488366 0.580407 0.003307 0.087115
2 0.613252 0.326954 0.008971 0.417711
1 0.637987 0.588745 0.087662 0.090909
2 0.505906 0.531671 0.003639 0.041797
1 0.496529 0.585908 0.080609 0.065681