0 0.322646 0.545455 0.031656 0.174603
0 0.296266 0.547619 0.022727 0.161616
0 0.594377 0.480454 0.007379 0.070838
2 0.638799 0.488456 0.011364 0.453102
2 0.801948 0.678211 0.204545 0.235209
2 0.959010 0.729437 0.081980 0.262626
2 0.439935 0.572150 0.090909 0.115440
2 0.532468 0.585859 0.084416 0.137085
2 0.577110 0.526696 0.008117 0.304473
1 0.788555 0.495671 0.090097 0.103896
1 0.875000 0.590909 0.246753 0.253968
1 0.255276 0.486500 0.098214 0.097099
1 0.736073 0.477330 0.034176 0.041012
2 0.587722 0.518679 0.055916 0.064133
2 0.691003 0.513025 0.043148 0.054682
2 0.643156 0.517582 0.047420 0.059239
2 0.756609 0.381365 0.004638 0.108225
2 0.368449 0.434447 0.009856 0.389610
2 0.638393 0.630592 0.107955 0.148629
2 0.898945 0.334055 0.007305 0.300144