0 0.265016 0.490620 0.034903 0.197691
0 0.542614 0.572872 0.043019 0.405483
0 0.508117 0.539683 0.037338 0.281385
0 0.786120 0.513709 0.030032 0.174603
0 0.828328 0.694444 0.096591 0.611111
0 0.943182 0.673160 0.113636 0.600289
0 0.648611 0.497411 0.012844 0.075545
0 0.747708 0.498684 0.021963 0.108650
0 0.765613 0.501655 0.010027 0.090824
2 0.941558 0.318182 0.011364 0.363636
2 0.796266 0.280664 0.004870 0.291486
2 0.435471 0.505051 0.033279 0.059163
2 0.469968 0.489177 0.029221 0.067821
2 0.443994 0.314574 0.008117 0.310245
2 0.503827 0.418127 0.004252 0.081083
2 0.346591 0.562771 0.012987 0.113997
2 0.401380 0.544733 0.008929 0.101010
2 0.723079 0.476591 0.022998 0.070547
2 0.683847 0.491422 0.028409 0.032868
2 0.623196 0.489017 0.018038 0.028058
2 0.604933 0.488616 0.018488 0.028860
2 0.589601 0.486612 0.013077 0.026455
2 0.576073 0.486211 0.015783 0.024050
2 0.561643 0.485410 0.010372 0.024050
1 0.413526 0.476190 0.029859 0.021130
1 0.392364 0.473871 0.011306 0.013399
0 0.909284 0.476190 0.014301 0.063904
0 0.924358 0.475847 0.010436 0.059094