2 0.790584 0.416306 0.016234 0.432900
2 0.881899 0.367244 0.021916 0.582973
2 0.803977 0.517316 0.135552 0.158730
2 0.685877 0.468254 0.058442 0.181818
2 0.643263 0.461039 0.038149 0.173160
2 0.584821 0.467532 0.070617 0.142857
2 0.608360 0.196970 0.008929 0.383838
2 0.760146 0.274170 0.013799 0.235209
2 0.961851 0.435786 0.055195 0.070707
2 0.911526 0.430736 0.048701 0.063492
2 0.840097 0.419192 0.038961 0.049062
1 0.511195 0.370671 0.043628 0.101010
1 0.542647 0.391114 0.018601 0.025253
0 0.534700 0.444625 0.017248 0.080267
0 0.446936 0.422980 0.017248 0.082071
0 0.460695 0.401198 0.004919 0.029735
0 0.468566 0.394420 0.003444 0.019677
2 0.478281 0.410600 0.010577 0.038917