0 0.647727 0.516595 0.024351 0.145743
0 0.487013 0.500323 0.011755 0.092551
0 0.534455 0.490372 0.010356 0.064686
0 0.548729 0.495099 0.006997 0.070160
1 0.577418 0.459273 0.025750 0.064189
2 0.594492 0.570234 0.006717 0.127880
2 0.576439 0.543116 0.004198 0.091556
2 0.566223 0.526198 0.003918 0.081604
2 0.559085 0.523461 0.003639 0.061203
2 0.553767 0.515500 0.002519 0.047271
2 0.503527 0.483157 0.002239 0.087078
2 0.509264 0.480669 0.001959 0.077126
0 0.951115 0.481544 0.011783 0.067961
0 0.884086 0.485733 0.011783 0.061444
0 0.867590 0.484802 0.008117 0.063306
0 0.839574 0.483871 0.014401 0.058651
1 0.745504 0.487475 0.017899 0.031820
1 0.685668 0.465275 0.031011 0.057720
1 0.668498 0.483220 0.013736 0.018870
1 0.625520 0.481185 0.020188 0.028860
1 0.596823 0.477427 0.016466 0.021027
1 0.612013 0.466914 0.023655 0.029685
0 0.762155 0.475635 0.007076 0.037000
2 0.722194 0.470825 0.002081 0.045140
2 0.722194 0.484515 0.024143 0.025160
2 0.764652 0.490435 0.021645 0.021460