0 0.384334 0.575758 0.043019 0.269841
0 0.496347 0.570707 0.041396 0.256854
0 0.438718 0.521645 0.025162 0.161616
0 0.572646 0.532468 0.025162 0.177489
2 0.631494 0.702020 0.017857 0.253968
2 0.590097 0.601010 0.009740 0.144300
2 0.846591 0.884921 0.058442 0.230158
1 0.774756 0.486291 0.088474 0.070707
1 0.662975 0.483405 0.042324 0.050505
1 0.706169 0.480313 0.037106 0.042259
1 0.864817 0.493900 0.041322 0.044602
1 0.619220 0.474879 0.015496 0.025799
1 0.634716 0.481000 0.015004 0.021426
1 0.605815 0.474879 0.006887 0.022301
1 0.590688 0.454983 0.021399 0.061218
2 0.568182 0.400324 0.004427 0.112816
2 0.472808 0.507215 0.008929 0.187590
2 0.793172 0.353084 0.005580 0.194805
2 0.899756 0.492063 0.033279 0.041847