0 0.474026 0.586580 0.022727 0.126984
0 0.519908 0.562011 0.010253 0.053923
2 0.273133 0.713564 0.169643 0.242424
2 0.427354 0.592352 0.039773 0.086580
2 0.633523 0.772727 0.054383 0.253968
2 0.594968 0.683261 0.025974 0.158730
2 0.554789 0.598846 0.013799 0.067821
1 0.732143 0.558442 0.048701 0.056277
1 0.803977 0.590188 0.156656 0.137085
1 0.946429 0.633478 0.107142 0.255411
1 0.905438 0.512987 0.179383 0.126984
1 0.679789 0.564214 0.060877 0.076479
1 0.631494 0.559885 0.037338 0.038961
1 0.601867 0.550505 0.028409 0.034632
1 0.547484 0.523810 0.028409 0.053391
1 0.580763 0.546898 0.015422 0.033189