0 0.176948 0.645743 0.068182 0.357864
0 0.644075 0.562771 0.018669 0.050505
1 0.645698 0.602453 0.036526 0.060606
2 0.536932 0.631313 0.046266 0.115440
2 0.883929 0.872655 0.222403 0.254690
2 0.473620 0.577922 0.017045 0.051948
2 0.455357 0.563492 0.008117 0.034632
2 0.254058 0.630592 0.087662 0.125541
2 0.341315 0.575758 0.030032 0.053391
2 0.369724 0.565657 0.013799 0.030303
1 0.585227 0.557720 0.058442 0.075036
1 0.899351 0.601010 0.201298 0.126984
1 0.791802 0.571429 0.085227 0.067821
1 0.690747 0.519481 0.121753 0.125541
1 0.519075 0.544733 0.039773 0.049062
1 0.454118 0.526316 0.015379 0.049366
1 0.553016 0.545303 0.015807 0.037214
2 0.919643 0.393218 0.008117 0.262626