2 0.523034 0.639435 0.029484 0.531941
2 0.800369 0.610565 0.047912 0.719902
2 0.378839 0.668919 0.030405 0.377150
2 0.439650 0.676290 0.021192 0.318182
2 0.304208 0.707002 0.019349 0.190418
2 0.219902 0.709459 0.014742 0.168305
2 0.270117 0.762899 0.048833 0.044226
2 0.218980 0.764128 0.044226 0.041769
2 0.167844 0.718673 0.011978 0.125307
2 0.127303 0.717445 0.013821 0.117936
2 0.035166 0.694717 0.023034 0.251843
2 0.094390 0.714578 0.009828 0.105651
2 0.079341 0.722359 0.007985 0.081900
2 0.064292 0.715807 0.006143 0.093366