2 0.693182 0.576479 0.014610 0.582973
2 0.897321 0.848846 0.205357 0.302308
2 0.570617 0.583694 0.017857 0.060606
0 0.611201 0.686147 0.056818 0.378066
1 0.807224 0.567821 0.116071 0.103896
1 0.941153 0.579365 0.117694 0.144300
1 0.657468 0.562049 0.037338 0.046176
2 0.469643 0.553824 0.016558 0.064646
2 0.553571 0.542280 0.003896 0.070418
2 0.524779 0.538721 0.002480 0.028459
2 0.531430 0.536716 0.002255 0.059724
0 0.535538 0.554614 0.009529 0.029487
0 0.680014 0.553952 0.004509 0.031265
2 0.728896 0.471501 0.004870 0.220779
2 0.730114 0.565657 0.016234 0.025253
2 0.491071 0.554113 0.027597 0.067821