2 0.338068 0.380231 0.028409 0.735931
2 0.673295 0.448773 0.056006 0.823954
2 0.582386 0.473304 0.013799 0.238095
2 0.549919 0.473304 0.018669 0.134199
1 0.513393 0.474026 0.039773 0.034632
1 0.950487 0.492063 0.099026 0.122655
1 0.833198 0.489899 0.094968 0.083694
1 0.755682 0.489177 0.045455 0.062049
1 0.753247 0.464646 0.102273 0.064935
1 0.613636 0.499278 0.043831 0.050505
1 0.673295 0.436508 0.120942 0.051948
2 0.512125 0.493777 0.003551 0.030213
1 0.582630 0.475036 0.044481 0.031746
1 0.631571 0.469663 0.044836 0.037106