1 0.100649 0.643939 0.201298 0.712121
1 0.316558 0.519481 0.209416 0.350649
2 0.462662 0.373737 0.024351 0.722944
2 0.960633 0.655844 0.078734 0.357864
0 0.833198 0.599567 0.106331 0.678211
0 0.923701 0.505772 0.045455 0.389610
0 0.567776 0.449495 0.017045 0.106782
0 0.588981 0.440115 0.014205 0.071248
0 0.601157 0.433351 0.009131 0.068543
2 0.525315 0.435155 0.023843 0.073954
0 0.636161 0.438913 0.014205 0.082973
2 0.706507 0.459355 0.025027 0.123858
2 0.470779 0.474747 0.079545 0.500722
2 0.317370 0.191919 0.006494 0.292929