1 0.122971 0.634921 0.245942 0.725830
1 0.372565 0.623377 0.259740 0.373737
1 0.519481 0.502886 0.084416 0.121212
1 0.566558 0.459596 0.064935 0.103896
0 0.795455 0.588745 0.089286 0.532468
0 0.665179 0.453824 0.015422 0.083694
2 0.226461 0.210678 0.011364 0.393939
2 0.451203 0.382395 0.005730 0.100161
2 0.360246 0.387064 0.006207 0.075545
2 0.375048 0.388762 0.008117 0.070452
2 0.698676 0.401820 0.004995 0.085470
1 0.653623 0.437837 0.019651 0.050125
1 0.514610 0.541126 0.050325 0.108225
1 0.599432 0.568543 0.064123 0.189033