2 0.252029 0.419913 0.010552 0.324675
2 0.817370 0.375902 0.011364 0.435786
2 0.891640 0.531025 0.098214 0.148629
2 0.969156 0.531025 0.055195 0.148629
2 0.726867 0.502165 0.038149 0.073593
2 0.179383 0.540404 0.043831 0.103896
2 0.359578 0.528860 0.094156 0.115440
0 0.314935 0.479798 0.016234 0.126984
0 0.333604 0.458874 0.017857 0.093795
0 0.372565 0.458153 0.017857 0.072150
0 0.398539 0.386724 0.000000 0.001443
0 0.633117 0.491342 0.027597 0.178932
0 0.025974 0.452381 0.029221 0.126984
1 0.469070 0.487962 0.061517 0.083542
1 0.501111 0.465178 0.049556 0.088099
1 0.644011 0.464039 0.066217 0.120756
0 0.587406 0.456824 0.011107 0.051644
1 0.023133 0.554834 0.046266 0.115440