2 0.105114 0.767316 0.150162 0.465368
2 0.094562 0.310245 0.059253 0.428571
2 0.259334 0.300144 0.013799 0.471861
1 0.852273 0.305195 0.295454 0.603175
1 0.646916 0.477633 0.121753 0.142857
1 0.474026 0.440115 0.024351 0.085137
1 0.571429 0.442280 0.045455 0.106782
0 0.533279 0.543290 0.074675 0.389610
0 0.410308 0.492785 0.060877 0.207792
0 0.322240 0.447330 0.017857 0.067821
0 0.207792 0.477633 0.021104 0.131313
0 0.045860 0.460317 0.026786 0.191919
0 0.227526 0.454545 0.013697 0.082071
0 0.162650 0.463980 0.013112 0.092130
2 0.177323 0.450660 0.027473 0.394050
2 0.465472 0.285825 0.005619 0.210900
0 0.373377 0.428460 0.009990 0.041070
1 0.372926 0.407648 0.032468 0.059323