0 0.093750 0.536797 0.073864 0.385281
0 0.020698 0.579365 0.041396 0.337662
0 0.199675 0.443001 0.024351 0.134199
0 0.142045 0.447330 0.017857 0.113997
0 0.303166 0.440837 0.020292 0.121212
0 0.816085 0.423882 0.020969 0.132275
0 0.793087 0.418470 0.014205 0.087783
0 0.855993 0.431097 0.023674 0.120250
0 0.878653 0.429293 0.016234 0.109428
0 0.921943 0.428692 0.022998 0.158730
0 0.900974 0.419072 0.017587 0.113035
0 0.756088 0.415584 0.017045 0.085137
0 0.733146 0.417197 0.013846 0.069604
0 0.707840 0.417622 0.014801 0.080638
0 0.692322 0.415075 0.013369 0.072150
0 0.678953 0.418895 0.009549 0.066208
0 0.661526 0.415924 0.011937 0.055174
0 0.448577 0.424412 0.016711 0.082336
0 0.227585 0.435675 0.011863 0.075480
0 0.245692 0.426795 0.011863 0.059940
0 0.360525 0.433301 0.009470 0.049703
0 0.338429 0.442120 0.012175 0.086580
0 0.324224 0.445326 0.013528 0.088183
2 0.267045 0.450938 0.056818 0.311688
2 0.318182 0.748918 0.134740 0.440115
2 0.608360 0.401154 0.049513 0.105339
2 0.651786 0.442280 0.016234 0.054834
2 0.790584 0.481241 0.042208 0.023088
2 0.972403 0.265873 0.011364 0.531746
0 0.942776 0.427850 0.018669 0.147186
0 0.961039 0.427850 0.014610 0.141414