0 0.120942 0.525974 0.042208 0.297258
0 0.167614 0.531025 0.067370 0.428571
0 0.302760 0.510823 0.034091 0.258297
0 0.283685 0.460317 0.021916 0.189033
0 0.222808 0.496392 0.039773 0.255411
0 0.356331 0.463925 0.022727 0.158730
0 0.383523 0.500722 0.025162 0.240981
0 0.418425 0.500722 0.028409 0.203463
0 0.468750 0.497114 0.039773 0.230880
0 0.534091 0.474026 0.024351 0.144300
0 0.577110 0.479798 0.025974 0.152958
0 0.714692 0.468254 0.033279 0.184704
0 0.826299 0.450216 0.022727 0.145743
0 0.952516 0.525974 0.030032 0.334776
0 0.916802 0.519481 0.041396 0.284271
0 0.437500 0.468254 0.014610 0.141414
0 0.599456 0.474493 0.017666 0.099312
0 0.513990 0.470249 0.014801 0.124777
2 0.586851 0.289322 0.008117 0.230880
1 0.659091 0.458153 0.061688 0.098124
1 0.759334 0.400433 0.073864 0.138528
2 0.548701 0.216450 0.009740 0.382395