2 0.394775 0.490172 0.016441 0.624079
2 0.182269 0.664619 0.032061 0.275184
2 0.218851 0.650491 0.023018 0.227273
2 0.715353 0.577907 0.008221 0.228296
2 0.648902 0.638821 0.028773 0.094185
2 0.570805 0.593776 0.006851 0.153563
2 0.368247 0.589681 0.004624 0.173526
0 0.349493 0.653025 0.014386 0.043765
0 0.326886 0.650722 0.013359 0.045301
0 0.543353 0.636432 0.008677 0.032078
2 0.971047 0.683661 0.023018 0.038084
2 0.904459 0.678747 0.016441 0.028256
2 0.820608 0.672604 0.065766 0.028256
2 0.764296 0.670762 0.051791 0.031941
2 0.490849 0.605651 0.004275 0.092875
1 0.475230 0.642015 0.018414 0.021130
1 0.463227 0.635381 0.016113 0.022604
1 0.434291 0.633907 0.014140 0.013759