2 0.644075 0.574315 0.049513 0.180375
1 0.748377 0.454545 0.042208 0.070707
2 0.617289 0.248918 0.008929 0.481962
2 0.673701 0.289322 0.008117 0.369408
0 0.300731 0.518759 0.049513 0.222222
2 0.396916 0.505051 0.037338 0.119769
0 0.452922 0.511544 0.027597 0.227994
0 0.501218 0.501443 0.018669 0.178932
0 0.559659 0.503608 0.026786 0.189033
0 0.533279 0.510101 0.022727 0.190476
0 0.423295 0.485570 0.023539 0.178932
0 0.837662 0.455267 0.017857 0.115440
0 0.810471 0.447330 0.010552 0.064935
0 0.784091 0.435786 0.011364 0.041847
0 0.930195 0.454545 0.012987 0.088023
0 0.896104 0.450216 0.014610 0.076479
0 0.864854 0.450938 0.017045 0.057720
0 0.646916 0.458153 0.019481 0.075036
1 0.704951 0.437951 0.034903 0.075036