0 0.104708 0.662698 0.110390 0.674603
0 0.285308 0.589466 0.072240 0.401154
0 0.455357 0.564214 0.045455 0.330447
0 0.407873 0.524531 0.046266 0.259740
0 0.827922 0.465368 0.051948 0.187590
0 0.973620 0.458153 0.025162 0.138528
0 0.621347 0.460317 0.033279 0.111111
0 0.758117 0.445166 0.021104 0.095238
0 0.784497 0.432179 0.010552 0.069264
0 0.907873 0.430014 0.017045 0.113997
0 0.926542 0.431457 0.015422 0.108225
0 0.864448 0.431457 0.014610 0.073593
2 0.885552 0.456710 0.021104 0.066378
2 0.943994 0.408369 0.014610 0.160173
2 0.507305 0.252525 0.006494 0.503608
2 0.493506 0.286436 0.004870 0.227994
0 0.519481 0.456710 0.012987 0.098124
1 0.548295 0.435065 0.044643 0.112554
1 0.584010 0.438672 0.025162 0.056277
0 0.211851 0.538961 0.032468 0.279942
0 0.174919 0.575758 0.026786 0.391053
0 0.681006 0.451659 0.021104 0.119769
0 0.657062 0.456710 0.018669 0.106782