0 0.280032 0.580808 0.082792 0.562771
0 0.178166 0.634199 0.103084 0.597403
0 0.066964 0.661616 0.104708 0.649351
0 0.459821 0.518038 0.060877 0.249639
0 0.334821 0.493506 0.025162 0.223665
0 0.826299 0.435065 0.027597 0.161616
0 0.989042 0.418470 0.021916 0.113997
0 0.902192 0.426407 0.017045 0.103896
0 0.876623 0.416306 0.019481 0.101010
0 0.856331 0.424964 0.017857 0.101010
0 0.780844 0.424242 0.016234 0.093795
2 0.380276 0.439394 0.046266 0.525253
2 0.413555 0.300866 0.007305 0.582973
1 0.527597 0.426407 0.103896 0.239538
1 0.653409 0.389610 0.108766 0.160173