1 0.221185 0.543290 0.168019 0.167388
1 0.045455 0.454545 0.058442 0.096681
1 0.123782 0.471140 0.112825 0.144300
0 0.252841 0.525253 0.038149 0.272727
0 0.341721 0.487013 0.030844 0.222222
0 0.398539 0.481241 0.035714 0.199134
0 0.647321 0.463925 0.031656 0.173160
0 0.678977 0.482684 0.026786 0.193362
0 0.785308 0.616522 0.189123 0.766955
0 0.918019 0.693001 0.066558 0.613997
0 0.968750 0.648268 0.062500 0.703463
2 0.505682 0.557720 0.021104 0.681097
2 0.650162 0.569264 0.016234 0.141414
2 0.581981 0.317460 0.019481 0.564214
2 0.434659 0.344877 0.010552 0.388167
2 0.423701 0.561328 0.014610 0.102453
2 0.049919 0.259740 0.010552 0.298701