0 0.056412 0.618326 0.072240 0.438672
0 0.443182 0.676768 0.055195 0.515152
0 0.210633 0.560606 0.043019 0.343434
0 0.281250 0.549784 0.051136 0.307359
0 0.331981 0.494228 0.027597 0.187590
0 0.668425 0.590188 0.052760 0.468975
0 0.596185 0.608225 0.054383 0.444444
0 0.526380 0.558442 0.043019 0.290043
0 0.818994 0.582973 0.050325 0.330447
0 0.900162 0.582251 0.082792 0.196248
0 0.952110 0.470418 0.027597 0.217893
0 0.971185 0.569986 0.030032 0.194805
0 0.729708 0.592352 0.047078 0.360750
2 0.364448 0.616162 0.056818 0.206349