2 0.352679 0.506133 0.038149 0.987734
2 0.178977 0.605339 0.007305 0.297258
2 0.333604 0.694084 0.056818 0.183261
2 0.573052 0.443001 0.011364 0.261183
2 0.125406 0.596681 0.030032 0.144300
0 0.774756 0.742063 0.077110 0.515873
0 0.454545 0.627706 0.024351 0.142857
0 0.590909 0.604618 0.017857 0.113997
0 0.618101 0.610390 0.015422 0.102453
0 0.503247 0.606061 0.017857 0.088023
0 0.547484 0.610390 0.015422 0.088023
0 0.210227 0.645022 0.035714 0.223665
0 0.249594 0.638528 0.028409 0.196248
0 0.298701 0.646465 0.032468 0.243867
0 0.161526 0.638528 0.029221 0.187590
0 0.038961 0.750361 0.055195 0.463203
0 0.094562 0.727994 0.041396 0.432900
0 0.400568 0.601732 0.012175 0.062049
0 0.423701 0.594517 0.011364 0.050505
0 0.566558 0.613276 0.011364 0.085137
1 0.775568 0.601732 0.273539 0.266955
2 0.927354 0.588745 0.010552 0.229437