1 0.084821 0.544733 0.169642 0.170274
2 0.554097 0.548341 0.007162 0.124777
2 0.237419 0.385281 0.010552 0.180375
2 0.696023 0.517076 0.050054 0.179173
2 0.675392 0.526094 0.007440 0.000000
0 0.188041 0.586219 0.093344 0.266955
0 0.297281 0.551948 0.041261 0.224868
0 0.354437 0.540524 0.032468 0.153920
0 0.406521 0.534512 0.018939 0.093795
1 0.431886 0.567581 0.030438 0.116643
0 0.501894 0.530904 0.010823 0.057720
0 0.490395 0.530904 0.006764 0.043290
0 0.606061 0.553151 0.016234 0.102213
0 0.579455 0.561167 0.031566 0.095398
0 0.383974 0.519481 0.012175 0.064935
0 0.515214 0.518001 0.003954 0.027750
0 0.522811 0.519666 0.003746 0.023680
0 0.480873 0.515966 0.006036 0.029600
0 0.842938 0.590188 0.101461 0.171717
1 0.351867 0.527417 0.045455 0.067100