2 0.422890 0.673160 0.071429 0.277056
2 0.430195 0.297258 0.019481 0.448773
2 0.692370 0.599567 0.019481 0.086580
1 0.321023 0.406926 0.159903 0.290043
1 0.069399 0.371573 0.138798 0.447330
1 0.159497 0.500722 0.060877 0.116883
1 0.212256 0.477633 0.056006 0.125541
1 0.681006 0.528860 0.055195 0.072150
1 0.484984 0.463203 0.228084 0.215007
0 0.535714 0.555556 0.035714 0.252525
0 0.575893 0.545455 0.038149 0.264069
0 0.609984 0.534632 0.033279 0.256854
0 0.519481 0.522367 0.034091 0.258297
0 0.758523 0.671356 0.106331 0.657287
0 0.887987 0.645382 0.176948 0.709235
0 0.980519 0.468975 0.038961 0.290043
0 0.638799 0.514430 0.022727 0.132756