2 0.398133 0.407648 0.028409 0.808081
2 0.366883 0.890693 0.034091 0.218614
2 0.403003 0.695527 0.056006 0.168831
1 0.161120 0.621212 0.216721 0.239538
1 0.341315 0.595960 0.057630 0.088023
2 0.963068 0.751082 0.073864 0.320346
0 0.726055 0.736291 0.088474 0.527417
0 0.841315 0.717172 0.130682 0.558442
0 0.602273 0.742063 0.095779 0.515873
0 0.480519 0.724026 0.089286 0.551948
0 0.527597 0.646465 0.034091 0.281385
2 0.012987 0.283550 0.014610 0.421356
2 0.130276 0.387446 0.008929 0.225108
2 0.291802 0.603175 0.008929 0.038961
2 0.273133 0.613997 0.012175 0.049062