0 0.609578 0.496392 0.055195 0.275613
0 0.494318 0.527417 0.068182 0.346320
0 0.549107 0.523088 0.044643 0.300144
0 0.693182 0.430736 0.034091 0.118326
0 0.650162 0.424964 0.029221 0.089466
0 0.744724 0.432900 0.036526 0.105339
2 0.840097 0.591631 0.019481 0.148629
0 0.324269 0.548341 0.034903 0.370851
2 0.550731 0.238817 0.013799 0.331890
0 0.354708 0.536075 0.042208 0.380952
0 0.398945 0.520202 0.039773 0.248196
0 0.444805 0.501443 0.034091 0.291486
0 0.285308 0.506494 0.031656 0.275613
0 0.134740 0.576479 0.159091 0.834055
2 0.074675 0.681818 0.115260 0.219336
0 0.250000 0.499278 0.030844 0.269841