1 0.132305 0.682540 0.196429 0.154401
1 0.302760 0.652958 0.068182 0.086580
1 0.436688 0.601010 0.058442 0.080808
0 0.630276 0.795094 0.068994 0.388167
0 0.745942 0.775974 0.077922 0.448052
0 0.868101 0.863636 0.119318 0.268398
0 0.915990 0.663781 0.034903 0.171717
0 0.253653 0.819625 0.155032 0.356421
0 0.480925 0.703463 0.046266 0.230880
0 0.504464 0.634199 0.018669 0.063492
0 0.528003 0.619048 0.010552 0.056277
0 0.008929 0.682540 0.017857 0.128427
0 0.024351 0.643579 0.016234 0.090909
0 0.049513 0.641414 0.017857 0.069264
2 0.814123 0.694805 0.012987 0.095238
2 0.855925 0.639250 0.010552 0.171717
2 0.504294 0.497137 0.003142 0.180142
2 0.347717 0.499930 0.002618 0.181073