2 0.121347 0.772006 0.114448 0.321789
2 0.903003 0.456710 0.044643 0.392496
2 0.974838 0.419913 0.050324 0.489177
0 0.233766 0.746032 0.055195 0.324675
0 0.384334 0.742424 0.047890 0.294372
0 0.443588 0.757576 0.047890 0.298701
1 0.439529 0.686147 0.239448 0.187590
1 0.702110 0.625541 0.086039 0.106782
1 0.634334 0.630592 0.036526 0.041847
1 0.605925 0.612554 0.039773 0.063492
1 0.575139 0.620147 0.018553 0.042603
2 0.825487 0.645022 0.008117 0.047619
2 0.919643 0.656566 0.011364 0.053391
2 0.878247 0.646465 0.011364 0.056277
0 0.862013 0.647186 0.024351 0.066378
1 0.547078 0.615440 0.027597 0.043290