0 0.431818 0.771284 0.064935 0.346320
0 0.526786 0.772006 0.051948 0.281385
0 0.603084 0.788600 0.040584 0.291486
2 0.739854 0.720779 0.025162 0.531025
2 0.617695 0.497835 0.012987 0.316017
2 0.637581 0.668110 0.008929 0.206349
2 0.018669 0.824675 0.037338 0.291486
1 0.140422 0.713564 0.280844 0.196248
2 0.176542 0.489899 0.015422 0.242424
1 0.672484 0.677128 0.037338 0.049062
1 0.825487 0.702381 0.071429 0.075036
1 0.781453 0.680736 0.058036 0.075036
1 0.889610 0.755772 0.069805 0.092352
0 0.865463 0.686869 0.023133 0.088745
0 0.957792 0.689394 0.022727 0.095238
0 0.980317 0.695887 0.012581 0.101010
0 0.992492 0.703824 0.015016 0.116883
0 0.906047 0.682540 0.013393 0.065657
0 0.880276 0.673882 0.012175 0.055556
0 0.721388 0.680014 0.011769 0.064935
0 0.560319 0.672348 0.013697 0.072150
0 0.697896 0.656566 0.004058 0.029415
0 0.692120 0.653236 0.005619 0.027195
0 0.504482 0.660330 0.015175 0.043917
1 0.557771 0.658134 0.041290 0.033252