0 0.086445 0.738095 0.028409 0.173160
0 0.402410 0.710956 0.028097 0.111000
0 0.332480 0.712621 0.019356 0.120990
0 0.311876 0.705961 0.018107 0.107670
0 0.241633 0.710956 0.028721 0.130980
0 0.178571 0.713176 0.027473 0.106560
0 0.163899 0.702076 0.013112 0.122100
0 0.206044 0.680431 0.012488 0.081030
0 0.434878 0.682651 0.014361 0.081030
0 0.448302 0.679876 0.017483 0.075480
0 0.469218 0.693196 0.018107 0.093240
0 0.489510 0.691531 0.013736 0.063270
0 0.544456 0.693196 0.014985 0.086580
0 0.525100 0.680986 0.009990 0.062160
0 0.608142 0.691531 0.013736 0.069930
0 0.640297 0.687091 0.010614 0.076590
0 0.009334 0.706349 0.018668 0.124098
0 0.060471 0.686869 0.015422 0.056277
0 0.120130 0.683983 0.014610 0.053391
0 0.595779 0.676768 0.014069 0.061568
0 0.654221 0.680616 0.010823 0.061568
2 0.502976 0.508899 0.009199 0.455026
2 0.176542 0.518759 0.010552 0.265512
2 0.628104 0.688397 0.005252 0.080638
2 0.669643 0.660385 0.006207 0.087429
1 0.923701 0.691198 0.058442 0.090909
1 0.857955 0.649351 0.048701 0.102453
1 0.817776 0.670274 0.026786 0.040404
1 0.740260 0.687590 0.081169 0.083694
1 0.698922 0.683364 0.037686 0.075242
2 0.990260 0.663059 0.019480 0.075036
2 0.982549 0.582973 0.017045 0.252525
2 0.730114 0.573593 0.008929 0.187590