2 0.114854 0.582251 0.043019 0.222222
2 0.053571 0.585859 0.084416 0.240981
2 0.228490 0.503608 0.023539 0.341991
2 0.969562 0.631313 0.041396 0.380952
2 0.884334 0.404545 0.010552 0.455556
2 0.961445 0.330447 0.020292 0.278499
2 0.868912 0.608225 0.013799 0.054834
2 0.655844 0.462482 0.009740 0.178932
2 0.671672 0.517316 0.007305 0.066378
2 0.705357 0.544012 0.008117 0.064935
1 0.755276 0.577201 0.030032 0.041847
1 0.562094 0.591115 0.071313 0.080396
1 0.427586 0.621521 0.051600 0.062874
0 0.273655 0.600392 0.022032 0.129870
0 0.335111 0.590600 0.019712 0.097918
0 0.359172 0.594207 0.026090 0.094826
0 0.320617 0.577716 0.010436 0.090703
0 0.179441 0.612760 0.020292 0.127809
0 0.154511 0.596784 0.021452 0.143269
0 0.636161 0.593074 0.012581 0.088745
0 0.491071 0.581530 0.014610 0.062771
0 0.477273 0.578283 0.009740 0.047619
0 0.466112 0.576118 0.008523 0.050505
0 0.520495 0.582251 0.008523 0.056999
0 0.510552 0.576479 0.009740 0.054113
0 0.618659 0.579004 0.008624 0.049603
0 0.605722 0.576299 0.007102 0.036977
2 0.660765 0.585768 0.008624 0.028860
2 0.879383 0.565945 0.037338 0.071573
2 0.854545 0.586436 0.007143 0.024820
1 0.828571 0.574026 0.012987 0.021934
1 0.788474 0.574892 0.012662 0.019048
1 0.813312 0.567965 0.012987 0.019048