1 0.251623 0.484848 0.099026 0.113997
1 0.179383 0.481962 0.051948 0.070707
1 0.358766 0.460317 0.022727 0.064935
1 0.314935 0.458153 0.027597 0.051948
2 0.343344 0.685426 0.025974 0.191919
2 0.419237 0.478355 0.111201 0.334776
2 0.881899 0.843074 0.236201 0.313852
2 0.735795 0.834055 0.025162 0.318903
0 0.496753 0.555556 0.050325 0.316017
0 0.554789 0.538240 0.038149 0.275613
0 0.450487 0.541126 0.045455 0.261183
0 0.645292 0.574315 0.048701 0.226551
0 0.738231 0.562771 0.062500 0.189033
0 0.056412 0.472583 0.020292 0.098124
2 0.206981 0.377345 0.016234 0.124098
2 0.482549 0.294372 0.007305 0.217893
2 0.493506 0.334055 0.008117 0.115440