2 0.352273 0.699856 0.035714 0.148629
2 0.051542 0.656566 0.018669 0.053391
2 0.016640 0.649351 0.028409 0.076479
2 0.081169 0.477633 0.006494 0.341991
2 0.116071 0.476190 0.009740 0.330447
2 0.407468 0.448773 0.008117 0.243867
2 0.450893 0.378788 0.008929 0.357864
0 0.516640 0.648629 0.033279 0.210678
0 0.482143 0.636364 0.025974 0.206349
0 0.454140 0.645022 0.025162 0.197691
0 0.422078 0.642857 0.027597 0.196248
0 0.379058 0.661616 0.035714 0.225108
2 0.341315 0.598846 0.077110 0.163059
2 0.285308 0.658730 0.013799 0.057720
1 0.224432 0.588745 0.080357 0.047619
0 0.164773 0.587302 0.016234 0.056277
0 0.149756 0.597403 0.013799 0.070707
0 0.222403 0.595960 0.014610 0.067821
0 0.286120 0.580087 0.012175 0.044733
2 0.180195 0.575758 0.008117 0.125541