2 0.142857 0.768398 0.099026 0.259740
2 0.354708 0.777056 0.024351 0.144300
2 0.398539 0.400072 0.029221 0.800144
2 0.464692 0.551948 0.008929 0.262626
2 0.483360 0.442280 0.008929 0.305916
2 0.534903 0.460317 0.004870 0.194805
2 0.670455 0.544733 0.035714 0.303030
2 0.030844 0.572872 0.006494 0.142857
2 0.253653 0.401515 0.015422 0.803030
2 0.204140 0.766955 0.028409 0.147186
2 0.344968 0.538961 0.012987 0.141414
0 0.507559 0.610570 0.024858 0.139791
0 0.579850 0.612374 0.019278 0.130772
0 0.610795 0.591631 0.016234 0.080267
0 0.647321 0.599747 0.013190 0.148810
0 0.550680 0.593434 0.012683 0.085678
0 0.562094 0.585317 0.009131 0.074856
0 0.525061 0.585768 0.013190 0.077561
0 0.233614 0.594787 0.012683 0.052309
0 0.045049 0.596681 0.012175 0.066378
0 0.055195 0.596681 0.011364 0.063492
0 0.069399 0.604618 0.013799 0.076479
0 0.084821 0.602453 0.012175 0.069264
0 0.105925 0.592352 0.018669 0.083694
0 0.125812 0.599567 0.016234 0.060606
0 0.146104 0.603896 0.016234 0.051948
0 0.161932 0.577922 0.012175 0.046176
2 0.297078 0.595960 0.040584 0.036075
1 0.420996 0.596441 0.017316 0.037518