1 0.157062 0.604618 0.075487 0.062049
1 0.239042 0.597403 0.043019 0.050505
1 0.320211 0.564214 0.062500 0.105339
2 0.278003 0.583694 0.025162 0.256854
2 0.112013 0.580808 0.034091 0.831169
2 0.206169 0.518038 0.025974 0.477633
2 0.420049 0.388167 0.010552 0.330447
2 0.277192 0.658009 0.081981 0.093795
0 0.370942 0.745310 0.082792 0.464646
0 0.780032 0.686147 0.094156 0.450216
0 0.909903 0.691198 0.084416 0.512266
0 0.581981 0.632756 0.037338 0.202020
0 0.661120 0.680375 0.067370 0.424242
0 0.543425 0.628427 0.028409 0.199134
0 0.497565 0.624098 0.027597 0.216450
0 0.452110 0.611111 0.022727 0.155844
0 0.413149 0.611111 0.027597 0.144300
1 0.061688 0.660895 0.060065 0.119769