2 0.461851 0.837662 0.071429 0.256854
2 0.419643 0.650794 0.035714 0.217893
2 0.799107 0.837662 0.116071 0.227994
2 0.008929 0.630592 0.011364 0.200577
1 0.040584 0.699134 0.034091 0.063492
0 0.135146 0.785714 0.073864 0.337662
0 0.240666 0.710678 0.026786 0.147186
1 0.355925 0.646465 0.052760 0.145743
1 0.290990 0.616883 0.070617 0.138528
0 0.655032 0.772727 0.056818 0.435786
0 0.696023 0.720779 0.038149 0.268398
0 0.559253 0.740981 0.035714 0.265512
0 0.592532 0.699856 0.027597 0.174603
0 0.525568 0.707071 0.031656 0.229437
0 0.496347 0.746753 0.031656 0.265512
0 0.077922 0.660173 0.016234 0.075036
0 0.049919 0.658009 0.012175 0.059163
0 0.386769 0.673160 0.015422 0.115440
2 0.406656 0.445166 0.004870 0.190476