0 0.746347 0.625541 0.060877 0.389610
0 0.802354 0.631313 0.049513 0.360750
0 0.859172 0.610390 0.030032 0.359307
0 0.891640 0.589466 0.039773 0.354978
0 0.607752 0.522487 0.010146 0.064935
0 0.588474 0.519481 0.014881 0.061328
0 0.476529 0.512266 0.010146 0.063733
0 0.497835 0.502646 0.008117 0.037278
0 0.505614 0.503848 0.008793 0.042088
1 0.204613 0.511664 0.049378 0.057720
1 0.128382 0.523990 0.065206 0.055916
1 0.333469 0.500842 0.021645 0.038480
1 0.284091 0.508057 0.028409 0.036075
2 0.275298 0.536917 0.006764 0.086580
2 0.138325 0.534512 0.011499 0.173160
2 0.385552 0.470779 0.039232 0.168350
2 0.418358 0.373377 0.010146 0.346320
2 0.599635 0.367965 0.007440 0.436508
2 0.430946 0.506654 0.003908 0.066806
2 0.450186 0.495430 0.003908 0.047566
2 0.557209 0.511197 0.005712 0.111165
0 0.533870 0.520464 0.012544 0.059032
2 0.046266 0.416306 0.012987 0.303030
2 0.070617 0.515152 0.008117 0.090909
2 0.081575 0.350649 0.008929 0.414141
1 0.120536 0.575036 0.054383 0.072150