2 0.124188 0.526696 0.037338 0.443001
2 0.747159 0.599567 0.028409 0.112554
2 0.924513 0.651515 0.014610 0.106782
2 0.865666 0.634199 0.017045 0.092352
2 0.820617 0.625541 0.008117 0.069264
2 0.782468 0.608947 0.014610 0.067821
2 0.572646 0.404040 0.007305 0.330447
2 0.405032 0.474026 0.030844 0.161616
2 0.430601 0.382395 0.007305 0.327561
2 0.325893 0.533911 0.005682 0.088023
2 0.257305 0.537518 0.006494 0.121212
1 0.278003 0.512266 0.030032 0.038961
1 0.311688 0.505772 0.016234 0.034632
1 0.348620 0.503608 0.023539 0.027417
1 0.220779 0.514430 0.042208 0.040404
1 0.161120 0.516595 0.044643 0.062049
0 0.612419 0.579365 0.033279 0.190476
0 0.645698 0.588745 0.025162 0.163059
0 0.675325 0.575036 0.021104 0.184704
0 0.692370 0.570707 0.019481 0.190476
2 0.024756 0.427128 0.008929 0.246753
2 0.058036 0.536797 0.007305 0.053391
0 0.580234 0.524728 0.007379 0.053785
0 0.525384 0.523635 0.006395 0.045476
0 0.505091 0.510079 0.008609 0.039355
0 0.495376 0.510516 0.006887 0.039355
0 0.480003 0.511391 0.009593 0.038480
0 0.466967 0.510079 0.006641 0.039355
2 0.542109 0.514233 0.003444 0.083519
2 0.453193 0.505925 0.003198 0.040666
2 0.438927 0.504613 0.003198 0.067777